[
    {
        "name": "CD8",
        "color": "orange",
        "points": [
            [
                8.644602272727273,
                860.8019318181819
            ],
            [
                5.069439252336449,
                938.971429906542
            ],
            [
                8.357311475409835,
                1279.6229508196723
            ],
            [
                17.937144385026738,
                814.2935294117648
            ],
            [
                29.200499999999998,
                884.5515
            ],
            [
                40.67927027027027,
                902.8104324324324
            ],
            [
                40.94515384615384,
                1336.581951923077
            ],
            [
                49.696137931034485,
                875.2025172413793
            ],
            [
                56.34729921259842,
                41.019944881889764
            ],
            [
                60.221942307692316,
                996.2274807692309
            ],
            [
                64.0368,
                1230.0948
            ],
            [
                78.5410243902439,
                917.9253658536586
            ],
            [
                78.81193220338983,
                894.9160677966103
            ],
            [
                82.2719661971831,
                71.83952112676056
            ],
            [
                82.33393965517241,
                92.19561206896553
            ],
            [
                86.38957894736842,
                436.21863157894734
            ],
            [
                94.9370847457627,
                977.7543050847459
            ],
            [
                104.35058490566038,
                92.90954716981132
            ],
            [
                108.418625,
                111.23
            ],
            [
                112.22568,
                53.86374
            ],
            [
                113.45226136363635,
                1165.1520681818183
            ],
            [
                127.127,
                164.717
            ],
            [
                135.73049246231156,
                1320.2786532663317
            ],
            [
                132.0315652173913,
                945.2202260869566
            ],
            [
                145.25627586206895,
                904.605051724138
            ],
            [
                149.96649785407726,
                1084.882712446352
            ],
            [
                172.03767567567567,
                204.036
            ],
            [
                171.71598058252425,
                900.5733786407767
            ],
            [
                174.00429729729728,
                87.34183783783784
            ],
            [
                176.43226829268292,
                99.71978048780488
            ],
            [
                203.84617322834646,
                997.2468425196851
            ],
            [
                200.6469818181818,
                1065.0069818181819
            ],
            [
                205.524,
                57.617999999999995
            ],
            [
                201.52277419354837,
                172.7581935483871
            ],
            [
                204.64551219512197,
                190.3721707317073
            ],
            [
                212.3189162011173,
                1296.18687150838
            ],
            [
                207.51440963855424,
                938.4054939759036
            ],
            [
                215.53316129032257,
                980.0076774193549
            ],
            [
                213.16781818181818,
                1059.8388181818182
            ],
            [
                219.89921739130435,
                186.92008695652174
            ],
            [
                241.77334008097168,
                1301.764153846154
            ],
            [
                238.65629268292682,
                151.94063414634147
            ],
            [
                250.20375355450236,
                1349.648104265403
            ],
            [
                246.500625,
                1139.709375
            ],
            [
                253.51596850393702,
                1055.9172047244094
            ],
            [
                256.30832673267327,
                1103.5304554455445
            ],
            [
                260.54376923076927,
                1246.736076923077
            ],
            [
                263.41767741935485,
                1215.0008387096775
            ],
            [
                261.9692068965517,
                637.1689655172414
            ],
            [
                272.73264827586206,
                189.6360827586207
            ],
            [
                272.4545675675676,
                1067.2736351351352
            ],
            [
                278.74440000000004,
                1292.67
            ],
            [
                276.07548387096773,
                1097.7390967741935
            ],
            [
                276.3516,
                611.562
            ],
            [
                278.64726605504586,
                1414.17776146789
            ],
            [
                280.27554545454547,
                483.2157272727273
            ],
            [
                282.70970414201184,
                701.4352899408285
            ],
            [
                283.99278813559323,
                1027.0105169491526
            ],
            [
                286.02,
                1051.2949999999998
            ],
            [
                288.799875,
                107.80445454545455
            ],
            [
                300.2492093023256,
                942.3041860465115
            ],
            [
                305.3906153846154,
                151.2366153846154
            ],
            [
                307.5301894736842,
                485.19284210526314
            ],
            [
                310.4346,
                1051.6821
            ],
            [
                327.4035882352941,
                160.17379411764705
            ],
            [
                325.39392307692304,
                1053.4246153846154
            ],
            [
                320.2685581395349,
                139.9508372093023
            ],
            [
                325.3984785276073,
                497.6698527607362
            ],
            [
                325.50567567567566,
                647.5548648648648
            ],
            [
                331.0776,
                625.8084
            ],
            [
                338.3387516778524,
                5.558375838926175
            ],
            [
                333.963,
                214.20000000000002
            ],
            [
                345.20304,
                43.22976
            ],
            [
                355.311105882353,
                66.04277647058824
            ],
            [
                352.9922307692308,
                552.4146923076923
            ],
            [
                359.4026123595506,
                1092.775702247191
            ],
            [
                361.89138461538465,
                604.7014615384616
            ],
            [
                367.9755882352941,
                1020.8328529411765
            ],
            [
                367.75592805755394,
                1184.6973237410073
            ],
            [
                369.83652631578946,
                542.337157894737
            ],
            [
                372.897,
                182.3955
            ],
            [
                380.32594652406414,
                1124.6679144385027
            ],
            [
                377.95799999999997,
                1322.3419999999999
            ],
            [
                383.266935483871,
                543.7292903225807
            ],
            [
                380.5762153846154,
                42.634523076923074
            ],
            [
                384.5028178438662,
                1281.080408921933
            ],
            [
                382.15916666666664,
                1420.02
            ],
            [
                384.001632,
                1083.865104
            ],
            [
                386.95230000000004,
                743.4819
            ],
            [
                384.61733333333336,
                143.276
            ],
            [
                392.0245,
                214.7425
            ],
            [
                401.9253488372093,
                3.958744186046512
            ],
            [
                402.7944375,
                17.3525625
            ],
            [
                404.15413043478264,
                57.37473913043478
            ],
            [
                426.3198606382979,
                120.28837978723404
            ],
            [
                411.06829787234045,
                567.7390212765957
            ],
            [
                411.705,
                762.216
            ],
            [
                423.7105857740586,
                752.253740585774
            ],
            [
                428.8194683544304,
                53.973189873417724
            ],
            [
                429.56749367088605,
                164.934
            ],
            [
                440.21982215288614,
                71.65940405616226
            ],
            [
                433.87718181818184,
                1124.06
            ],
            [
                439.0531854545455,
                36.17803636363636
            ],
            [
                437.2927081967213,
                604.745468852459
            ],
            [
                454.5656764252696,
                142.61763328197225
            ],
            [
                445.88944615384617,
                164.27363076923078
            ],
            [
                461.17876595744684,
                118.80459574468087
            ],
            [
                457.97399999999993,
                725.994
            ],
            [
                476.02975813953486,
                25.98413023255814
            ],
            [
                474.3084705882353,
                168.27176470588236
            ],
            [
                480.79740221402216,
                150.25569741697416
            ],
            [
                483.5949357798166,
                3.87594495412844
            ],
            [
                481.4893125,
                513.746625
            ],
            [
                488.9092173913043,
                587.706
            ],
            [
                502.58746443514644,
                39.339414225941425
            ],
            [
                496.48740594059404,
                1119.6029405940594
            ],
            [
                507.83172052401744,
                3.551109170305677
            ],
            [
                500.33795744680856,
                485.96698723404256
            ],
            [
                496.986,
                518.938
            ],
            [
                502.4852,
                142.5998
            ],
            [
                504.64898630136986,
                58.26032876712328
            ],
            [
                512.836085106383,
                1145.0048936170215
            ],
            [
                523.991614678899,
                22.70273394495413
            ],
            [
                524.0909875518672,
                53.11030705394191
            ],
            [
                524.4384335664336,
                83.49394405594406
            ],
            [
                524.625705882353,
                141.41400000000002
            ],
            [
                528.0121451612903,
                513.8076774193548
            ],
            [
                530.4565479452054,
                740.9766575342466
            ],
            [
                528.2326451612903,
                813.5454193548387
            ],
            [
                532.8178333333333,
                535.5046666666667
            ],
            [
                533.9280983606558,
                106.95334426229508
            ],
            [
                540.5706486486487,
                66.2393918918919
            ],
            [
                541.8486818181818,
                5.118272727272727
            ],
            [
                547.9518371335505,
                1195.9747622149837
            ],
            [
                560.9674556074766,
                87.78269859813085
            ],
            [
                546.8638378378378,
                125.19632432432432
            ],
            [
                564.7036956521739,
                117.03436956521739
            ],
            [
                561.492,
                569.367
            ],
            [
                564.9092920353983,
                31.841761061946904
            ],
            [
                563.9387727272727,
                46.18472727272727
            ],
            [
                578.1764645669291,
                72.2858031496063
            ],
            [
                581.5350000000001,
                536.4585
            ],
            [
                580.6970859375,
                31.124953125
            ],
            [
                598.0490912621359,
                13.998966990291262
            ],
            [
                598.4987907869482,
                56.10942034548944
            ],
            [
                591.7823595505618,
                159.2059550561798
            ],
            [
                608.3910000000001,
                716.98725
            ],
            [
                615.1198295454545,
                183.67148863636365
            ],
            [
                623.7598301886793,
                520.8894150943396
            ],
            [
                617.8656051502146,
                582.1502832618027
            ],
            [
                624.0304195804197,
                17.299535664335664
            ],
            [
                621.0428437500001,
                102.46359375
            ],
            [
                620.9028,
                603.7668
            ],
            [
                632.9218378378379,
                163.20745945945947
            ],
            [
                642.2339999999999,
                94.56
            ],
            [
                643.5223923444976,
                695.4253492822967
            ],
            [
                647.3764454148471,
                537.2381397379912
            ],
            [
                656.3813846153846,
                162.09199999999998
            ],
            [
                654.9757941176471,
                589.4743235294118
            ],
            [
                663.5226315789474,
                92.60336842105262
            ],
            [
                672.9794314720813,
                120.03527512690356
            ],
            [
                672.182,
                46.724222222222224
            ],
            [
                679.5577894736842,
                811.3053789473684
            ],
            [
                680.2520869565217,
                147.5816086956522
            ],
            [
                686.3110434782609,
                168.37678260869566
            ],
            [
                685.5426666666666,
                707.9706666666667
            ],
            [
                684.8221153846155,
                918.1450384615385
            ],
            [
                687.5146336633663,
                778.4392277227722
            ],
            [
                691.7593846153845,
                3.957692307692308
            ],
            [
                709.845705882353,
                225.99088235294118
            ],
            [
                717.654,
                4.3365
            ],
            [
                720.3741955835962,
                502.6509652996846
            ],
            [
                725.6108807339449,
                207.48847706422018
            ],
            [
                727.3182743362833,
                604.7241769911504
            ],
            [
                738.7230297029703,
                459.38664356435646
            ],
            [
                738.2101621621622,
                46.85327027027027
            ],
            [
                742.8399999999999,
                518.435076923077
            ],
            [
                743.1280243902439,
                752.0770975609756
            ],
            [
                746.2525145228216,
                733.6629709543569
            ],
            [
                748.0721111111111,
                489.86388888888894
            ],
            [
                752.2452,
                589.4644000000001
            ],
            [
                752.4032727272728,
                227.89963636363635
            ],
            [
                761.0715,
                141.3838125
            ],
            [
                774.43128,
                731.74248
            ],
            [
                779.1946779661017,
                501.09559322033897
            ],
            [
                800.2386,
                233.17323749999997
            ],
            [
                798.1131951219512,
                797.9626097560975
            ],
            [
                813.6958846153846,
                596.3394230769231
            ],
            [
                820.484,
                546.504
            ],
            [
                820.5194117647059,
                47.71879411764706
            ],
            [
                819.525,
                471.324
            ],
            [
                826.6173861386138,
                731.9115445544555
            ],
            [
                840.7837941176471,
                108.9399705882353
            ],
            [
                842.6947021276596,
                596.4102765957447
            ],
            [
                864.8820661764705,
                58.695154411764705
            ],
            [
                865.4328421052631,
                1327.4151578947367
            ],
            [
                872.5557272727273,
                671.3165454545455
            ],
            [
                876.0276,
                77.5824
            ],
            [
                884.7081126760563,
                501.0091267605634
            ],
            [
                892.9858579881657,
                1283.0803668639053
            ],
            [
                901.2651023622047,
                794.1055748031497
            ],
            [
                908.3002173913044,
                219.12586956521739
            ],
            [
                910.7852727272729,
                575.4181363636363
            ],
            [
                919.0212387096774,
                653.8066838709677
            ],
            [
                921.4671290322581,
                681.8334193548387
            ],
            [
                924.5067096774194,
                843.2489032258065
            ],
            [
                934.2907078651687,
                620.5365505617978
            ],
            [
                928.746,
                1316.351076923077
            ],
            [
                945.5838661417324,
                45.24243307086614
            ],
            [
                943.32,
                482.20199999999994
            ],
            [
                948.9585000000001,
                970.4021250000001
            ],
            [
                951.1857209302325,
                22.757651162790697
            ],
            [
                958.2489,
                782.1576
            ],
            [
                961.3073647058824,
                1306.6466823529413
            ],
            [
                967.482870967742,
                1494.8477419354838
            ],
            [
                967.7556000000001,
                534.744
            ],
            [
                975.4862727272726,
                45.43445454545454
            ],
            [
                979.3605742574258,
                709.7436534653465
            ],
            [
                981.5746010362695,
                568.4604248704663
            ],
            [
                1003.0252027972027,
                803.724041958042
            ],
            [
                1000.6156363636363,
                1275.078
            ],
            [
                1005.7280625,
                828.783703125
            ],
            [
                1005.3608108108108,
                871.6305405405406
            ],
            [
                1008.7502465753424,
                904.5977260273974
            ],
            [
                1021.3889719626168,
                5.778336448598131
            ],
            [
                1027.89290625,
                211.68
            ],
            [
                1027.159304347826,
                1023.1327826086957
            ],
            [
                1032.11791416309,
                1251.5920686695279
            ],
            [
                1036.8012558139535,
                681.0352744186047
            ],
            [
                1039.1964545454546,
                752.2986198347107
            ],
            [
                1033.2429545454545,
                1483.5240000000001
            ],
            [
                1039.6955172413793,
                619.2856551724138
            ],
            [
                1039.590606741573,
                950.3599550561798
            ],
            [
                1042.5833653846153,
                71.82363461538462
            ],
            [
                1040.2112,
                1475.0176000000001
            ],
            [
                1057.5027931034483,
                812.5729137931035
            ],
            [
                1058.9427692307693,
                1253.0574000000001
            ],
            [
                1063.459534883721,
                243.91060465116277
            ],
            [
                1068.3095294117647,
                850.0782032085561
            ],
            [
                1083.110112,
                1106.1408959999999
            ],
            [
                1085.825557894737,
                490.5312631578947
            ],
            [
                1084.1289304812835,
                1476.5340320855614
            ],
            [
                1092.7631842105263,
                709.1744210526316
            ],
            [
                1102.995,
                676.017
            ],
            [
                1106.1288,
                599.8608
            ],
            [
                1119.2021772151897,
                615.8816202531646
            ],
            [
                1128.078,
                1498.3175454545456
            ],
            [
                1138.5748458498024,
                837.0528616600791
            ],
            [
                1141.2243620689655,
                1490.024948275862
            ],
            [
                1143.0183422053233,
                493.19897338403047
            ],
            [
                1140.4340917431193,
                607.6494495412844
            ],
            [
                1150.3783741935483,
                574.0909548387096
            ],
            [
                1153.166,
                129.19258333333332
            ],
            [
                1155.1242705882353,
                1254.2325352941177
            ],
            [
                1156.8264324324325,
                656.1444324324325
            ],
            [
                1158.107023255814,
                674.8223023255814
            ],
            [
                1160.9105654450264,
                800.0525026178011
            ],
            [
                1167.66216,
                1475.2477270588236
            ],
            [
                1176.2656446700507,
                36.260497461928935
            ],
            [
                1178.4535916230366,
                619.2702094240838
            ],
            [
                1178.6376,
                836.304
            ],
            [
                1184.03208,
                856.98648
            ],
            [
                1190.469913043478,
                592.4355652173913
            ],
            [
                1191.6753882352941,
                1479.0932470588236
            ],
            [
                1208.5818917910449,
                822.8928358208955
            ],
            [
                1208.2250222984562,
                848.0256020583191
            ],
            [
                1201.161876923077,
                1498.5994153846154
            ],
            [
                1208.1065294117648,
                587.541705882353
            ],
            [
                1211.0885581395348,
                465.8600930232558
            ],
            [
                1208.34,
                737.3079
            ],
            [
                1212.4477762237764,
                1201.7404195804195
            ],
            [
                1221.208258064516,
                1452.5361290322583
            ],
            [
                1220.8197931034483,
                784.1182758620689
            ],
            [
                1221.4556666666667,
                1479.3590000000002
            ],
            [
                1222.1757108433735,
                1491.3344819277108
            ],
            [
                1230.5116551724138,
                112.014
            ],
            [
                1230.910153846154,
                858.0842307692308
            ],
            [
                1234.6932315789472,
                1465.1412631578946
            ],
            [
                1244.3795,
                502.236
            ],
            [
                1247.5251710526315,
                822.8885921052631
            ],
            [
                1239.588,
                843.8850000000001
            ],
            [
                1238.769,
                846.72
            ],
            [
                1252.00782,
                953.06274
            ],
            [
                1252.10925,
                1416.82275
            ],
            [
                1257.3120000000001,
                798.19425
            ],
            [
                1257.109213740458,
                871.9815572519084
            ],
            [
                1267.0730126582278,
                268.1577721518987
            ],
            [
                1276.8029626556017,
                1472.610622406639
            ],
            [
                1273.0066363636363,
                572.2576363636364
            ],
            [
                1278.4721641791043,
                865.7159104477612
            ],
            [
                1290.3093161953727,
                849.2163547557841
            ],
            [
                1285.4958260869566,
                782.7302608695652
            ],
            [
                1287.8567807486631,
                1272.5420534759357
            ],
            [
                1291.2596435643566,
                892.8634455445545
            ],
            [
                1294.6113112033195,
                942.7262489626557
            ],
            [
                1293.432,
                1004.1780000000001
            ],
            [
                1308.371341576507,
                1462.2333106646058
            ],
            [
                1295.0771707317072,
                1397.0091219512196
            ],
            [
                1299.550304347826,
                1497.195
            ],
            [
                1307.1914470588235,
                48.95618823529412
            ],
            [
                1308.634659574468,
                949.2947234042554
            ],
            [
                1312.4330809859155,
                889.0451302816901
            ],
            [
                1314.706465116279,
                930.762976744186
            ],
            [
                1317.3205794392522,
                247.11661682242988
            ],
            [
                1320.3099,
                530.1702
            ],
            [
                1331.797880877743,
                912.0432978056427
            ],
            [
                1327.3298181818182,
                265.3857818181818
            ],
            [
                1329.50475,
                537.2143269230769
            ],
            [
                1332.446614925373,
                871.5792358208955
            ],
            [
                1329.174,
                960.498
            ],
            [
                1333.4844193548388,
                1467.5910967741936
            ],
            [
                1331.232,
                963.585
            ],
            [
                1345.9078723404257,
                546.872170212766
            ],
            [
                1342.7176,
                749.0532
            ],
            [
                1343.4524150943396,
                1348.0288301886792
            ],
            [
                1350.0085074626866,
                972.3852537313431
            ],
            [
                1345.7770540540541,
                1168.9241351351352
            ],
            [
                1351.7762086956523,
                906.5234347826088
            ],
            [
                1349.2112307692307,
                506.69769230769225
            ],
            [
                1349.877789473684,
                521.494105263158
            ],
            [
                1352.3064545454545,
                1389.4707272727271
            ],
            [
                1356.2672307692308,
                1374.2012307692307
            ],
            [
                1358.2963333333332,
                1419.0345555555555
            ],
            [
                1362.8533333333335,
                919.338
            ],
            [
                1372.6886546275396,
                905.6666681715575
            ],
            [
                1367.2633333333333,
                494.13233333333335
            ],
            [
                1366.767652173913,
                885.7453043478262
            ],
            [
                1374.97185,
                184.54747500000002
            ],
            [
                1379.6976226415095,
                248.68516981132078
            ],
            [
                1382.6728125,
                1455.2062875
            ],
            [
                1385.657756756757,
                195.77420270270272
            ],
            [
                1390.072425,
                921.2784
            ],
            [
                1385.72,
                224.518
            ],
            [
                1385.622,
                228.438
            ],
            [
                1403.6444854368933,
                208.36893203883494
            ],
            [
                1395.9202816901409,
                944.025718309859
            ],
            [
                1415.558807738815,
                900.4868053204353
            ],
            [
                1402.6174615384616,
                1406.823923076923
            ],
            [
                1407.4695737704917,
                171.26704918032786
            ],
            [
                1410.6641612903227,
                1219.8818709677419
            ],
            [
                1408.7236153846154,
                645.7257692307693
            ],
            [
                1415.8548361204014,
                747.1660936454849
            ],
            [
                1415.9364094488187,
                1154.6074488188976
            ],
            [
                1422.0788621700879,
                198.3620586510264
            ],
            [
                1419.697548387097,
                558.2064193548387
            ],
            [
                1423.989,
                154.92070588235296
            ],
            [
                1425.6027150837988,
                232.2912067039106
            ],
            [
                1421.4060000000002,
                947.772
            ],
            [
                1447.1296875,
                916.6683750000001
            ],
            [
                1435.5201058495823,
                216.91303621169916
            ],
            [
                1432.2044032258063,
                1418.6756612903225
            ],
            [
                1435.7260733944954,
                270.48674311926607
            ],
            [
                1444.3964347826086,
                1144.2352173913043
            ],
            [
                1437.8512300884956,
                1346.0334690265488
            ],
            [
                1440.813818181818,
                125.7250909090909
            ],
            [
                1442.88144,
                829.29168
            ],
            [
                1446.6474683544304,
                1051.1374556962026
            ],
            [
                1454.3425347593584,
                1218.924
            ],
            [
                1457.7130909090909,
                28.586727272727273
            ],
            [
                1458.1207092651757,
                1079.9146006389776
            ],
            [
                1457.940901734104,
                1174.5486936416187
            ],
            [
                1461.2526741573033,
                64.38269662921348
            ],
            [
                1467.3968344370862,
                191.7415430463576
            ],
            [
                1461.5034,
                304.584
            ],
            [
                1475.4200147601478,
                882.6031881918819
            ],
            [
                1463.336,
                1119.1469333333334
            ],
            [
                1465.4100895522388,
                940.514776119403
            ],
            [
                1463.238,
                167.50943999999998
            ],
            [
                1484.2061133144475,
                309.3421359773371
            ],
            [
                1474.2756,
                917.0028
            ],
            [
                1475.0831775700935,
                1059.0676822429907
            ],
            [
                1481.4896381909548,
                505.5588542713568
            ],
            [
                1483.478477419355,
                949.6124129032258
            ],
            [
                1483.373027027027,
                1198.9955675675676
            ],
            [
                1486.205104477612,
                64.83797014925374
            ],
            [
                1492.7884453125,
                924.3325546875
            ],
            [
                1487.0901634615386,
                1100.1974711538462
            ],
            [
                1485.351,
                766.4264999999999
            ],
            [
                1492.1073658536586,
                1459.1040731707317
            ],
            [
                1490.9248846153846,
                895.6653461538461
            ],
            [
                1494.2900903225807,
                168.8261806451613
            ],
            [
                1495.5008613861385,
                1053.356881188119
            ],
            [
                1492.2133333333334,
                1498.2893333333332
            ],
            [
                1496.7981,
                852.4364625000001
            ],
            [
                1497.4129655172414,
                997.856275862069
            ]
        ]
    },
    {
        "name": "FoxP3",
        "color": "skyblue",
        "points": [
            [
                22.932,
                283.53705882352943
            ],
            [
                66.69276923076923,
                743.4581538461539
            ],
            [
                73.374,
                574.644
            ],
            [
                78.38775,
                42.960750000000004
            ],
            [
                83.47870588235294,
                378.6892941176471
            ],
            [
                95.9616,
                454.71509999999995
            ],
            [
                136.5924,
                307.1124
            ],
            [
                138.38580000000002,
                513.0888
            ],
            [
                149.5791818181818,
                254.33672727272727
            ],
            [
                150.90218181818182,
                317.56009090909095
            ],
            [
                191.4528,
                358.19
            ],
            [
                196.8876,
                267.5484
            ],
            [
                197.35345945945946,
                312.75243243243244
            ],
            [
                199.1115,
                560.2905
            ],
            [
                200.508,
                32.781
            ],
            [
                207.17785074626866,
                477.4121194029851
            ],
            [
                209.4474375,
                262.4776875
            ],
            [
                214.2945,
                376.5825
            ],
            [
                215.2510243902439,
                329.7604390243902
            ],
            [
                228.06756,
                416.18052
            ],
            [
                251.70075,
                131.1975
            ],
            [
                280.3529302325581,
                377.37293023255813
            ],
            [
                280.9402105263158,
                611.1331578947369
            ],
            [
                289.422,
                372.00239999999997
            ],
            [
                295.0629230769231,
                378.64938461538463
            ],
            [
                297.76320000000004,
                444.276
            ],
            [
                305.51123076923074,
                587.9547692307692
            ],
            [
                322.75416393442623,
                40.962393442622954
            ],
            [
                335.766375,
                516.0526875
            ],
            [
                355.5195,
                446.3655
            ],
            [
                364.168,
                599.4905
            ],
            [
                375.335595505618,
                232.451595505618
            ],
            [
                369.3375,
                419.666625
            ],
            [
                369.45423529411767,
                492.6748235294118
            ],
            [
                380.7141081081081,
                61.43010810810811
            ],
            [
                380.21549999999996,
                221.1615
            ],
            [
                382.2752093023256,
                404.4482790697674
            ],
            [
                385.287,
                483.48299999999995
            ],
            [
                384.1342105263158,
                540.7124210526316
            ],
            [
                394.00704,
                206.0352
            ],
            [
                400.26,
                143.556
            ],
            [
                403.7126896551724,
                189.47793103448274
            ],
            [
                403.074,
                476.93438709677423
            ],
            [
                409.09049999999996,
                642.14325
            ],
            [
                409.2235,
                507.73799999999994
            ],
            [
                417.6330410958904,
                245.7034520547945
            ],
            [
                421.21799999999996,
                3.024
            ],
            [
                431.5675,
                1159.389
            ],
            [
                431.67600000000004,
                859.656
            ],
            [
                434.8778823529412,
                232.32917647058827
            ],
            [
                442.24225352112677,
                1110.3634647887325
            ],
            [
                447.85246153846157,
                342.5891538461538
            ],
            [
                462.223125,
                423.856125
            ],
            [
                466.78275,
                84.40425
            ],
            [
                468.1656,
                910.5062399999999
            ],
            [
                469.81199999999995,
                615.048
            ],
            [
                469.5871764705882,
                630.4224705882353
            ],
            [
                472.62337499999995,
                812.8916250000001
            ],
            [
                474.2047058823529,
                1156.9505294117648
            ],
            [
                476.45640000000003,
                793.12968
            ],
            [
                479.759,
                1144.1745
            ],
            [
                482.0411489361702,
                771.5623404255319
            ],
            [
                484.6929230769231,
                1123.5051692307693
            ],
            [
                484.7406666666667,
                184.632
            ],
            [
                486.15524999999997,
                1180.22625
            ],
            [
                486.6256216216216,
                467.46
            ],
            [
                488.75106976744183,
                779.8110697674418
            ],
            [
                487.2710769230769,
                1139.6796923076924
            ],
            [
                490.8477,
                845.9262
            ],
            [
                492.54408000000006,
                452.21904
            ],
            [
                496.74240000000003,
                620.6928
            ],
            [
                512.5207499999999,
                1166.64975
            ],
            [
                513.7223225806453,
                392.23393548387094
            ],
            [
                517.4399999999999,
                821.8623
            ],
            [
                523.026,
                751.8633962264151
            ],
            [
                526.69512,
                1158.10128
            ],
            [
                531.7103076923077,
                302.3903076923077
            ],
            [
                532.3815000000001,
                56.574
            ],
            [
                538.4270769230769,
                869.0413846153846
            ],
            [
                544.2868421052631,
                1431.3622105263157
            ],
            [
                546.0346956521739,
                500.51582608695657
            ],
            [
                549.4181538461538,
                603.1523076923077
            ],
            [
                556.3656,
                829.7268
            ],
            [
                566.5135,
                666.939
            ],
            [
                566.0635909090909,
                1464.8516590909092
            ],
            [
                572.9982631578947,
                622.6223684210527
            ],
            [
                573.4037647058824,
                535.6334117647059
            ],
            [
                575.4233333333333,
                630.042
            ],
            [
                578.1346666666667,
                178.62133333333333
            ],
            [
                580.300875,
                166.1743125
            ],
            [
                581.238,
                563.7336923076923
            ],
            [
                587.3303333333333,
                550.172
            ],
            [
                589.617,
                520.38
            ],
            [
                596.2854545454545,
                656.5287272727273
            ],
            [
                603.876,
                575.9852000000001
            ],
            [
                612.696,
                52.283
            ],
            [
                616.9048421052631,
                772.7403157894737
            ],
            [
                621.3537931034483,
                352.70875862068965
            ],
            [
                633.0823902439024,
                551.4005853658537
            ],
            [
                629.9515384615385,
                572.598923076923
            ],
            [
                630.4484117647058,
                279.93123529411764
            ],
            [
                635.432,
                361.81600000000003
            ],
            [
                634.4972307692308,
                603.4236923076924
            ],
            [
                640.4884838709677,
                760.9668387096774
            ],
            [
                639.45,
                685.6252941176471
            ],
            [
                656.0336511627908,
                645.0701860465117
            ],
            [
                656.9325,
                183.77100000000002
            ],
            [
                667.6972105263158,
                340.63768421052634
            ],
            [
                669.879,
                631.071
            ],
            [
                676.4161764705882,
                659.9435294117648
            ],
            [
                688.0188,
                569.086
            ],
            [
                688.1437500000001,
                17.346
            ],
            [
                693.0963529411765,
                479.9117647058824
            ],
            [
                692.909,
                191.59
            ],
            [
                709.6837808219178,
                662.1403561643835
            ],
            [
                707.8331489361702,
                678.9335744680851
            ],
            [
                709.128,
                95.972625
            ],
            [
                713.223,
                121.086
            ],
            [
                713.979,
                617.9879999999999
            ],
            [
                722.4149032258065,
                839.2941290322581
            ],
            [
                723.7626666666666,
                626.9713333333333
            ],
            [
                725.7481875,
                483.9148125
            ],
            [
                731.8966666666666,
                449.19933333333336
            ],
            [
                733.2834193548387,
                754.992
            ],
            [
                740.8184651162791,
                549.9577674418605
            ],
            [
                738.8374736842105,
                973.728
            ],
            [
                747.4374782608695,
                603.4030434782609
            ],
            [
                751.7411999999999,
                611.8812
            ],
            [
                759.15,
                584.451
            ],
            [
                765.85824,
                454.54752
            ],
            [
                788.6436923076924,
                318.85430769230766
            ],
            [
                798.945,
                26.8275
            ],
            [
                799.7252307692307,
                284.54676923076926
            ],
            [
                803.7320869565217,
                612.8941304347826
            ],
            [
                803.7225,
                839.5695
            ],
            [
                806.9892923076923,
                601.2390461538462
            ],
            [
                814.5502105263157,
                120.13768421052632
            ],
            [
                815.85,
                606.816
            ],
            [
                818.2755,
                54.35325
            ],
            [
                822.465,
                651.6792692307693
            ],
            [
                821.4065999999999,
                545.1642
            ],
            [
                825.8990163934426,
                1490.5944590163936
            ],
            [
                824.614875,
                3.142125
            ],
            [
                825.3185294117648,
                786.1732941176471
            ],
            [
                829.0191724137931,
                46.8676551724138
            ],
            [
                833.7613846153846,
                67.26946153846154
            ],
            [
                840.4276829268293,
                806.8579024390243
            ],
            [
                851.8586086956522,
                367.794
            ],
            [
                853.4232000000001,
                397.2822
            ],
            [
                863.982,
                41.1012
            ],
            [
                864.36,
                534.933
            ],
            [
                866.6225217391304,
                349.272
            ],
            [
                869.9233846153846,
                1074.750923076923
            ],
            [
                869.673,
                1116.045
            ],
            [
                870.9053684210527,
                204.67042105263158
            ],
            [
                877.4521875,
                811.44
            ],
            [
                881.0690000000001,
                296.401
            ],
            [
                892.3635,
                558.41625
            ],
            [
                897.4350000000001,
                54.243
            ],
            [
                907.0488000000001,
                310.9932
            ],
            [
                909.01125,
                735.5053125000001
            ],
            [
                908.1886153846153,
                195.3290769230769
            ],
            [
                910.3807999999999,
                835.0776
            ],
            [
                914.4380000000001,
                534.394
            ],
            [
                916.2623076923077,
                585.6253846153846
            ],
            [
                918.4827272727272,
                668.5159090909091
            ],
            [
                918.569076923077,
                1079.9524615384616
            ],
            [
                919.6885384615385,
                1023.7136538461539
            ],
            [
                923.9545945945945,
                3.9332432432432434
            ],
            [
                924.1803529411765,
                1356.775411764706
            ],
            [
                928.2223125,
                797.6863125
            ],
            [
                928.6872000000001,
                69.384
            ],
            [
                936.0024545454546,
                71.26159090909091
            ],
            [
                941.5689230769229,
                856.7612307692308
            ],
            [
                945.7662162162162,
                755.1827027027027
            ],
            [
                948.425625,
                100.603125
            ],
            [
                953.3538000000001,
                624.1032
            ],
            [
                955.0426666666666,
                403.92333333333335
            ],
            [
                965.0025,
                250.9605
            ],
            [
                966.378,
                818.1726
            ],
            [
                967.2754736842106,
                368.30463157894735
            ],
            [
                969.4217647058823,
                93.38823529411764
            ],
            [
                970.4939999999999,
                800.562
            ],
            [
                971.334,
                387.408
            ],
            [
                974.7276,
                109.4268
            ],
            [
                978.9735789473685,
                993.0623684210526
            ],
            [
                981.1619999999999,
                762.3000000000001
            ],
            [
                983.3341304347825,
                308.5274347826087
            ],
            [
                984.808125,
                856.477125
            ],
            [
                988.3042105263158,
                1144.5884210526315
            ],
            [
                988.4814545454545,
                81.89236363636363
            ],
            [
                988.4133,
                974.0808000000001
            ],
            [
                992.6028000000001,
                107.163
            ],
            [
                996.345,
                1011.7170000000001
            ],
            [
                997.7088648648648,
                1191.2005945945946
            ],
            [
                997.4685000000001,
                497.2275
            ],
            [
                997.4664000000001,
                898.2288
            ],
            [
                1004.6908421052632,
                966.7648421052633
            ],
            [
                1006.769076923077,
                1395.9346153846154
            ],
            [
                1010.48976,
                1252.72224
            ],
            [
                1017.6572903225806,
                1112.5149677419354
            ],
            [
                1022.2120588235294,
                541.548
            ],
            [
                1025.0898,
                527.3184
            ],
            [
                1028.3611153846152,
                1444.5633461538462
            ],
            [
                1030.9819655172414,
                1200.3715862068966
            ],
            [
                1032.4588235294118,
                514.7248235294118
            ],
            [
                1040.5892903225806,
                1240.5187741935483
            ],
            [
                1040.319,
                1257.420705882353
            ],
            [
                1044.9495,
                300.83549999999997
            ],
            [
                1047.718,
                452.809
            ],
            [
                1046.2725,
                885.3075
            ],
            [
                1061.613,
                237.321
            ],
            [
                1066.304076923077,
                1062.7082307692308
            ],
            [
                1066.338,
                1145.82384
            ],
            [
                1068.8802352941177,
                347.04105882352945
            ],
            [
                1076.726,
                203.87266666666667
            ],
            [
                1075.2972631578948,
                1439.7025263157896
            ],
            [
                1085.2876363636365,
                1103.863090909091
            ],
            [
                1096.1496,
                1470.0
            ],
            [
                1099.413,
                725.445
            ],
            [
                1101.9959999999999,
                1375.9830000000002
            ],
            [
                1112.0386666666666,
                726.8006666666666
            ],
            [
                1111.2569999999998,
                911.925
            ],
            [
                1113.672,
                1084.60275
            ],
            [
                1113.1427999999999,
                95.9028
            ],
            [
                1115.344125,
                1389.9493125
            ],
            [
                1114.903125,
                916.232625
            ],
            [
                1117.7971875,
                1398.4385625
            ],
            [
                1120.0140000000001,
                139.73399999999998
            ],
            [
                1119.384,
                144.27
            ],
            [
                1121.904,
                1170.2747368421053
            ],
            [
                1136.6775,
                1103.62455
            ],
            [
                1136.457,
                68.520375
            ],
            [
                1151.321294117647,
                767.7550588235295
            ],
            [
                1154.328,
                1075.158
            ],
            [
                1154.538,
                840.2210526315789
            ],
            [
                1157.6928461538462,
                1282.0887692307692
            ],
            [
                1157.968,
                1202.411
            ],
            [
                1158.9112499999999,
                667.3065
            ],
            [
                1167.65775,
                447.06375
            ],
            [
                1167.3037894736842,
                1299.3716842105262
            ],
            [
                1172.10744,
                1199.13192
            ],
            [
                1178.0734736842105,
                1140.1474736842106
            ],
            [
                1181.685661016949,
                172.25908474576272
            ],
            [
                1181.831,
                1326.871
            ],
            [
                1189.377,
                773.3180000000001
            ],
            [
                1199.52,
                1120.91175
            ],
            [
                1204.518,
                723.534
            ],
            [
                1220.7460263157895,
                625.5236842105263
            ],
            [
                1220.786,
                312.13000000000005
            ],
            [
                1222.0911818181817,
                1259.496
            ],
            [
                1228.2585,
                657.78825
            ],
            [
                1228.5945000000002,
                814.9995
            ],
            [
                1229.508,
                1364.2776
            ],
            [
                1233.4606666666666,
                120.70333333333333
            ],
            [
                1234.2708,
                1086.2359199999999
            ],
            [
                1239.9629268292683,
                1406.8115121951218
            ],
            [
                1246.833,
                226.82100000000003
            ],
            [
                1246.266,
                67.6010322580645
            ],
            [
                1248.03,
                913.586625
            ],
            [
                1252.2843529411764,
                900.9370588235295
            ],
            [
                1257.7646666666667,
                1491.4946666666665
            ],
            [
                1261.0174499999998,
                814.28445
            ],
            [
                1267.385,
                1363.0819999999999
            ],
            [
                1269.9639473684213,
                798.0243157894737
            ],
            [
                1273.0526666666667,
                342.7386666666667
            ],
            [
                1283.947,
                1290.6599999999999
            ],
            [
                1288.8692727272728,
                1184.6596363636365
            ],
            [
                1290.6845,
                826.4095
            ],
            [
                1295.0582399999998,
                594.96192
            ],
            [
                1301.559381818182,
                321.4809818181818
            ],
            [
                1302.3069230769229,
                416.43969230769227
            ],
            [
                1302.4333636363638,
                166.37727272727273
            ],
            [
                1306.9606666666666,
                1256.1313333333333
            ],
            [
                1308.6446896551724,
                1400.8288965517243
            ],
            [
                1309.6965,
                953.55225
            ],
            [
                1314.621,
                1247.148
            ],
            [
                1315.8705,
                19.992
            ],
            [
                1323.196,
                1470.441
            ],
            [
                1323.5553333333332,
                1056.5053333333335
            ],
            [
                1328.9976,
                999.3648
            ],
            [
                1333.2312,
                183.80880000000002
            ],
            [
                1339.3735384615384,
                979.9698461538462
            ],
            [
                1343.1437419354838,
                18.209032258064514
            ],
            [
                1342.404,
                595.791
            ],
            [
                1346.9496923076924,
                34.87292307692308
            ],
            [
                1348.0145,
                1155.42
            ],
            [
                1350.0290322580647,
                719.3705806451613
            ],
            [
                1362.63708,
                251.01720000000003
            ],
            [
                1370.8799999999999,
                32.507999999999996
            ],
            [
                1371.8039999999999,
                491.4945
            ],
            [
                1371.8628,
                239.55120000000002
            ],
            [
                1384.5113333333334,
                50.666
            ],
            [
                1384.4686153846153,
                181.89553846153845
            ],
            [
                1385.7510731707318,
                206.1298536585366
            ],
            [
                1384.5065294117646,
                1319.6017058823531
            ],
            [
                1386.945,
                270.2032941176471
            ],
            [
                1388.0762608695652,
                927.4805217391304
            ],
            [
                1388.6879999999999,
                595.896
            ],
            [
                1392.3934838709679,
                196.3445806451613
            ],
            [
                1396.059,
                61.397000000000006
            ],
            [
                1396.1472,
                414.5988
            ],
            [
                1401.8629655172415,
                1479.9655862068967
            ],
            [
                1401.5862,
                23.7699
            ],
            [
                1406.2608,
                227.79854999999998
            ],
            [
                1409.2826086956522,
                967.515652173913
            ],
            [
                1410.91776,
                574.49952
            ],
            [
                1422.6072000000001,
                607.6686000000001
            ],
            [
                1427.37,
                213.885
            ],
            [
                1431.982125,
                678.0099375
            ],
            [
                1445.6363478260869,
                7.631217391304348
            ],
            [
                1446.1272,
                1437.1308000000001
            ],
            [
                1450.1416363636365,
                1123.6145454545456
            ],
            [
                1457.064,
                728.091
            ],
            [
                1461.3136363636363,
                1363.4116363636363
            ],
            [
                1463.9054594594593,
                637.0662162162162
            ],
            [
                1465.1254800000002,
                700.78428
            ],
            [
                1479.84312,
                557.68272
            ],
            [
                1487.6328292682929,
                235.53702439024391
            ],
            [
                1493.667,
                1308.38085
            ]
        ]
    }
]